[27, 5, 0]
[59, 7, 0]
[10, 8, 0]
[12, 10, 0]
[60, 11, 0]
[90, 13, 1]
[239, 14, 0]
[234, 16, 0]
[304, 19, 0]
[81, 21, 0]
[37, 22, 0]
[196, 25, 0]
[47, 27, 0]
[48, 28, 0]
[33, 29, 0]
[80, 31, 0]
[104, 32, 0]
[171, 34, 0]
[190, 35, 0]
[433, 36, 0]
[147, 37, 0]
[93, 39, 0]
[174, 40, 0]
[161, 41, 0]
[31, 42, 0]
[237, 44, 0]
[44, 45, 0]
[114, 46, 0]
[333, 47, 0]
[124, 48, 0]
[204, 49, 0]
[198, 50, 0]
[209, 51, 0]
[74, 52, 0]
[160, 54, 0]
[253, 55, 0]
[276, 56, 0]
[210, 57, 0]
[322, 60, 0]
[40, 62, 0]
[259, 63, 0]
[282, 64, 0]
[117, 66, 0]
[118, 67, 0]
[46, 68, 0]
[202, 70, 0]
[25, 71, 0]
[73, 72, 0]
[215, 73, 0]
[194, 77, 0]
[178, 80, 0]
[168, 83, 0]
[510, 86, 0]
[16, 97, 0]
[41, 99, 0]
[67, 100, 0]
[176, 101, 0]
[163, 103, 0]
[141, 105, 0]
[146, 106, 0]
[225, 110, 0]
[270, 120, 0]
[88, 122, 0]
[77, 124, 0]
[115, 125, 0]
[116, 126, 0]
[111, 127, 0]
[154, 129, 0]
[179, 133, 0]
[49, 135, 0]
[459, 137, 0]
[236, 138, 0]
[240, 139, 0]
[306, 140, 0]
[56, 142, 0]
[34, 143, 0]
[5, 144, 0]
[35, 146, 0]
[208, 147, 0]
[22, 148, 0]
[152, 149, 0]
[344, 150, 0]
[249, 151, 0]
[303, 152, 0]
[92, 153, 0]
[170, 154, 0]
[32, 155, 0]
[290, 156, 0]
[76, 157, 0]
[79, 158, 0]
[28, 159, 0]
[100, 160, 0]
[283, 161, 0]
[38, 162, 0]
[309, 163, 0]
[157, 164, 0]
[410, 165, 0]
[126, 166, 0]
[108, 167, 0]
[97, 168, 0]
[462, 169, 0]
[243, 170, 0]
[7, 171, 0]
[69, 172, 0]
[13, 173, 0]
[62, 175, 0]
[85, 176, 0]
[144, 177, 0]
[285, 178, 0]
[99, 179, 0]
[17, 180, 17]
[130, 181, 0]
[328, 182, 0]
[238, 183, 0]
[148, 185, 0]
[315, 186, 0]
[246, 187, 0]
[6, 188, 0]
[119, 189, 0]
[112, 190, 0]
[314, 191, 0]
[321, 192, 0]
[23, 193, 0]
[223, 194, 0]
[89, 195, 0]
[265, 196, 0]
[274, 197, 0]
[318, 198, 0]
[127, 199, 0]
[197, 200, 0]
[149, 201, 0]
[324, 202, 0]
[244, 203, 0]
[137, 204, 0]
[96, 205, 0]
[254, 206, 0]
[582, 207, 0]
[251, 208, 0]
[123, 209, 0]
[64, 210, 0]
[86, 212, 0]
[216, 213, 0]
[540, 214, 0]
[293, 215, 0]
[103, 216, 0]
[218, 217, 0]
[248, 218, 0]
[207, 219, 0]
[183, 220, 0]
[266, 221, 0]
[327, 222, 0]
[324, 223, 0]
[326, 224, 0]
[219, 225, 0]
[258, 226, 0]
[376, 227, 0]
[187, 228, 0]
[90, 392, 0]
[222, 465, 0]
[155, 642, 0]
[156, 643, 0]
[121, 661, 0]
[230, 740, 0]
[566, 806, 0]
[199, 807, 0]
[9, 865, 0]
[357, 888, 0]
[342, 902, 0]
[20, 918, 0]
[228, 1052, 1]
